1685351001	1685351011	1685351021	1685351031	1685351041	1685351051
1685351092	1685351012	1685351022	1685351032	1685351042	1685351052
1685351093	1685351013	1685351023	1685351033	1685351043	1685351053
1685351004	1685351014	1685351024	1685351034	1685351044	1685351054
1685351095	1685351015	1685351025	1685351035	1685351045	1685351055
1685351006	1685351016	1685351026	1685351036	1685351046	1685351056
1685351007	1685351017	1685351027	1685351037	1685351047	1685351057
1685351098	1685351018	1685351028	1685351038	1685351048	1685351058
1685351099	1685351019	1685351029	1685351039	1685351049	1685351059
1685351090	1685351020	1685351030	1685351040	1685351050	1685351060

